worstcase_reliability:	0.9999991
average_reliability:	0.999999516216
worstcase [crossing , bend , Y_coupling , CPSE,on , CPSE,off , PPSE,on , PPSE,off]	[1, 4, 0, 2, 5, 1, 1]
average [crossing , bend , Y_coupling , CPSE,on , CPSE,off , PPSE,on , PPSE,off]	[1.72972973 1.10810811 0.10810811 1.45945946 2.48648649 0.16216216
 0.72972973]
two_sim_routes:	0.999998600001	[[1, 0, 0, 1, 4, 0, 1], [4, 2, 0, 4, 2, 0, 2]]
three_sim_routes:	0.999998400001	[[1, 0, 0, 0, 3, 0, 1], [3, 2, 0, 3, 4, 0, 1], [3, 2, 0, 1, 2, 0, 1]]
four_sim_routes:	0.999998200002	[[1, 0, 0, 0, 4, 0, 0], [4, 2, 0, 2, 0, 0, 2], [3, 2, 0, 1, 2, 0, 1], [1, 0, 0, 1, 4, 0, 1]]
five_sim_routes:	0.999998000002	[[0, 0, 0, 1, 1, 0, 1], [2, 2, 0, 1, 3, 0, 1], [2, 2, 0, 0, 3, 0, 1], [3, 2, 0, 1, 2, 0, 1], [4, 2, 0, 2, 0, 0, 2]]
