worstcase_reliability:	0.999998300001
average_reliability:	0.999998938591
worstcase [crossing , bend , Y_coupling , CPSE,on , CPSE,off , PPSE,on , PPSE,off]	[4, 2, 0, 4, 7, 5, 1]
average [crossing , bend , Y_coupling , CPSE,on , CPSE,off , PPSE,on , PPSE,off]	[2.58053691 3.09060403 0.         2.37919463 3.6409396  2.14765101
 2.44630872]
two_sim_routes:	0.999997700003	[[1, 2, 0, 3, 3, 2, 3], [3, 0, 0, 4, 4, 1, 3]]
three_sim_routes:	0.999997500003	[[0, 1, 0, 2, 1, 0, 2], [3, 2, 0, 4, 2, 1, 3], [2, 4, 0, 2, 3, 1, 4]]
four_sim_routes:	0.999997400003	[[0, 3, 0, 1, 2, 0, 3], [3, 3, 0, 2, 3, 4, 1], [3, 5, 0, 1, 0, 2, 3], [1, 1, 0, 1, 2, 0, 1]]
five_sim_routes:	0.999997500003	[[1, 0, 0, 0, 0, 1, 1], [1, 2, 0, 4, 0, 1, 2], [2, 3, 0, 0, 3, 0, 3], [2, 3, 0, 0, 3, 0, 3], [3, 2, 0, 0, 1, 1, 2]]
