worstcase_reliability:	0.999100359916
average_reliability:	0.999516335657
worstcase [crossing , bend , Y_coupling , CPSE,on , CPSE,off , PPSE,on , PPSE,off]	[1, 4, 0, 2, 5, 1, 1]
average [crossing , bend , Y_coupling , CPSE,on , CPSE,off , PPSE,on , PPSE,off]	[1.72972973 1.10810811 0.10810811 1.45945946 2.48648649 0.16216216
 0.72972973]
two_sim_routes:	0.998600909636	[[1, 0, 0, 1, 4, 0, 1], [4, 2, 0, 4, 2, 0, 2]]
three_sim_routes:	0.99840119944	[[0, 0, 0, 3, 3, 0, 1], [4, 0, 0, 0, 0, 1, 0], [4, 2, 0, 4, 2, 0, 2]]
four_sim_routes:	0.998201529184	[[0, 2, 0, 1, 3, 0, 1], [1, 0, 0, 0, 4, 0, 0], [2, 2, 0, 1, 3, 0, 1], [4, 2, 0, 2, 0, 0, 2]]
five_sim_routes:	0.99800189886	[[0, 0, 0, 1, 1, 0, 1], [1, 2, 0, 3, 4, 0, 1], [3, 2, 0, 1, 2, 0, 1], [2, 1, 1, 1, 0, 0, 0], [4, 2, 0, 2, 0, 0, 2]]
