worstcase_reliability:	0.99999988
average_reliability:	0.999999932963
worstcase [crossing , bend , Y_coupling , CPSE,on , CPSE,off , PPSE,on , PPSE,off]	[2, 4, 0, 3, 6, 2, 1]
average [crossing , bend , Y_coupling , CPSE,on , CPSE,off , PPSE,on , PPSE,off]	[1.16049383 2.08641975 0.         2.25925926 2.74074074 0.77777778
 0.92592593]
two_sim_routes:	0.99999983	[[1, 0, 0, 2, 4, 1, 1], [1, 4, 0, 1, 5, 1, 2]]
three_sim_routes:	0.99999982	[[0, 0, 0, 0, 3, 0, 1], [1, 4, 0, 1, 1, 0, 2], [1, 4, 0, 2, 6, 1, 1]]
four_sim_routes:	0.9999998	[[0, 0, 0, 3, 2, 0, 2], [0, 0, 0, 0, 0, 1, 0], [2, 3, 0, 0, 2, 0, 2], [1, 0, 0, 2, 4, 1, 1]]
five_sim_routes:	0.99999979	[[0, 0, 0, 0, 0, 1, 0], [0, 0, 0, 1, 0, 0, 2], [1, 1, 0, 3, 3, 0, 1], [1, 4, 0, 2, 2, 2, 0], [2, 2, 0, 0, 2, 1, 1]]
