worstcase_reliability:	0.999988000066
average_reliability:	0.999991548111
worstcase [crossing , bend , Y_coupling , CPSE,on , CPSE,off , PPSE,on , PPSE,off]	[2, 2, 0, 2, 4, 2, 4]
average [crossing , bend , Y_coupling , CPSE,on , CPSE,off , PPSE,on , PPSE,off]	[1.69230769 2.86538462 0.         1.30769231 2.09615385 2.875
 2.17307692]
two_sim_routes:	0.999981000171	[[0, 1, 0, 0, 6, 1, 2], [1, 0, 0, 3, 4, 0, 3]]
three_sim_routes:	0.99998000019	[[1, 0, 0, 3, 4, 0, 3], [2, 3, 0, 1, 2, 4, 1], [0, 0, 0, 1, 0, 0, 1]]
four_sim_routes:	0.99998000019	[[0, 0, 0, 0, 3, 0, 3], [0, 0, 0, 1, 0, 0, 1], [0, 2, 0, 0, 3, 0, 3], [2, 1, 0, 1, 2, 2, 1]]
