worstcase_reliability:	0.999983000136
average_reliability:	0.999989385962
worstcase [crossing , bend , Y_coupling , CPSE,on , CPSE,off , PPSE,on , PPSE,off]	[4, 2, 0, 4, 7, 5, 1]
average [crossing , bend , Y_coupling , CPSE,on , CPSE,off , PPSE,on , PPSE,off]	[2.58053691 3.09060403 0.         2.37919463 3.6409396  2.14765101
 2.44630872]
two_sim_routes:	0.999977000253	[[1, 2, 0, 3, 3, 2, 3], [3, 0, 0, 4, 4, 1, 3]]
three_sim_routes:	0.9999750003	[[0, 2, 0, 0, 2, 0, 1], [4, 5, 0, 3, 3, 3, 3], [2, 4, 0, 2, 3, 1, 4]]
four_sim_routes:	0.999974000325	[[0, 2, 0, 0, 2, 0, 1], [2, 4, 0, 3, 4, 4, 2], [3, 5, 0, 1, 0, 2, 3], [1, 1, 0, 1, 2, 0, 1]]
five_sim_routes:	0.9999750003	[[1, 0, 0, 0, 0, 1, 1], [1, 3, 0, 1, 0, 0, 1], [2, 3, 0, 1, 5, 3, 2], [2, 1, 0, 1, 2, 2, 2], [0, 2, 0, 0, 2, 0, 1]]
