worstcase_reliability:	0.109418989132
average_reliability:	0.295765137701
worstcase [crossing , bend , Y_coupling , CPSE,on , CPSE,off , PPSE,on , PPSE,off]	[2, 0, 0, 8, 13, 0, 0]
average [crossing , bend , Y_coupling , CPSE,on , CPSE,off , PPSE,on , PPSE,off]	[1.99176955 0.65020576 0.         6.06995885 6.41563786 0.
 0.        ]
two_sim_routes:	0.0797664430769	[[0, 1, 0, 3, 5, 0, 0], [2, 1, 0, 7, 9, 0, 0]]
three_sim_routes:	0.0717897987692	[[2, 0, 0, 1, 5, 0, 0], [3, 0, 0, 6, 7, 0, 0], [2, 0, 0, 1, 5, 0, 0]]
four_sim_routes:	0.0646108188923	[[1, 0, 0, 1, 0, 0, 0], [3, 0, 0, 5, 7, 0, 0], [1, 0, 0, 1, 4, 0, 0], [0, 1, 0, 3, 5, 0, 0]]
five_sim_routes:	0.0797664430769	[[0, 1, 0, 1, 2, 0, 0], [1, 0, 0, 3, 5, 0, 0], [1, 1, 0, 3, 4, 0, 0], [1, 0, 0, 1, 0, 0, 0], [1, 1, 0, 1, 4, 0, 0]]
