worstcase_reliability:	0.166771816997
average_reliability:	0.345753869899
worstcase [crossing , bend , Y_coupling , CPSE,on , CPSE,off , PPSE,on , PPSE,off]	[4, 2, 0, 4, 7, 5, 1]
average [crossing , bend , Y_coupling , CPSE,on , CPSE,off , PPSE,on , PPSE,off]	[2.58053691 3.09060403 0.         2.37919463 3.6409396  2.14765101
 2.44630872]
two_sim_routes:	0.0886293811965	[[1, 2, 0, 3, 3, 2, 3], [3, 0, 0, 4, 4, 1, 3]]
three_sim_routes:	0.0717897987692	[[0, 3, 0, 1, 2, 0, 3], [2, 6, 0, 1, 3, 3, 2], [2, 4, 0, 2, 3, 1, 4]]
four_sim_routes:	0.0646108188923	[[0, 1, 0, 0, 0, 1, 0], [2, 4, 0, 2, 5, 2, 3], [2, 1, 0, 4, 0, 1, 2], [3, 5, 0, 1, 0, 2, 3]]
five_sim_routes:	0.0717897987692	[[0, 1, 0, 0, 0, 1, 0], [0, 1, 0, 0, 0, 1, 0], [2, 1, 0, 3, 2, 1, 3], [3, 5, 0, 2, 4, 1, 3], [3, 2, 0, 0, 1, 1, 2]]
