worstcase_reliability:	0.991035916126
average_reliability:	0.995174089264
worstcase [crossing , bend , Y_coupling , CPSE,on , CPSE,off , PPSE,on , PPSE,off]	[1, 4, 0, 2, 5, 1, 1]
average [crossing , bend , Y_coupling , CPSE,on , CPSE,off , PPSE,on , PPSE,off]	[1.72972973 1.10810811 0.10810811 1.45945946 2.48648649 0.16216216
 0.72972973]
two_sim_routes:	0.986090636999	[[1, 0, 0, 1, 4, 0, 1], [4, 2, 0, 4, 2, 0, 2]]
three_sim_routes:	0.984119441816	[[0, 0, 0, 3, 3, 0, 1], [4, 0, 0, 0, 0, 1, 0], [4, 2, 0, 4, 2, 0, 2]]
four_sim_routes:	0.982152187051	[[0, 0, 0, 1, 1, 0, 1], [3, 0, 0, 3, 3, 0, 1], [3, 2, 0, 1, 2, 0, 1], [4, 2, 0, 2, 0, 0, 2]]
five_sim_routes:	0.98018886483	[[0, 0, 0, 1, 1, 0, 1], [1, 0, 0, 0, 3, 0, 1], [2, 2, 0, 1, 3, 0, 1], [3, 2, 0, 1, 2, 0, 1], [4, 2, 0, 2, 0, 0, 2]]
