worstcase_reliability:	0.988065780494
average_reliability:	0.991582020523
worstcase [crossing , bend , Y_coupling , CPSE,on , CPSE,off , PPSE,on , PPSE,off]	[2, 2, 0, 2, 4, 2, 4]
average [crossing , bend , Y_coupling , CPSE,on , CPSE,off , PPSE,on , PPSE,off]	[1.69230769 2.86538462 0.         1.30769231 2.09615385 2.875
 2.17307692]
two_sim_routes:	0.981170034864	[[0, 1, 0, 0, 6, 1, 2], [1, 0, 0, 3, 4, 0, 3]]
three_sim_routes:	0.98018886483	[[0, 0, 0, 0, 3, 0, 3], [0, 3, 0, 1, 2, 4, 2], [1, 2, 0, 1, 1, 2, 1]]
four_sim_routes:	0.98018886483	[[0, 0, 0, 0, 3, 0, 3], [0, 2, 0, 0, 3, 0, 3], [2, 1, 0, 1, 2, 2, 1], [0, 0, 0, 1, 0, 0, 1]]
